ANO =  2008 
W =  0.9633693 
p.value =  1.670792e-05 

ANO =  2009 
W =  0.9675184 
p.value =  5.425429e-05 

ANO =  2010 
W =  0.9618743 
p.value =  1.110716e-05 

ANO =  2011 
W =  0.9633321 
p.value =  1.653765e-05 

