ANO =  1991 
W =  0.9581983 
p.value =  4.207661e-06 

ANO =  2010 
W =  0.9792962 
p.value =  0.002335794 

ANO =  2000 
W =  0.952112 
p.value =  9.26616e-07 

