ANO =  1991 
W =  0.9868423 
p.value =  0.03752752 

ANO =  2010 
W =  0.9728241 
p.value =  0.0002719593 

ANO =  2000 
W =  0.9820143 
p.value =  0.006152834 

