ANO =  1991 
W =  0.9788725 
p.value =  0.002015536 

ANO =  2010 
W =  0.9906413 
p.value =  0.1606186 

ANO =  2000 
W =  0.9819564 
p.value =  0.006024739 

