ANO =  2008 
W =  0.9931168 
p.value =  0.3892848 

ANO =  2009 
W =  0.9941708 
p.value =  0.541149 

ANO =  2010 
W =  0.9944399 
p.value =  0.5842144 

ANO =  2011 
W =  0.9937035 
p.value =  0.470085 

