ANO =  1991 
W =  0.9861597 
p.value =  0.02890466 

ANO =  2010 
W =  0.9801127 
p.value =  0.003111761 

ANO =  2000 
W =  0.9826541 
p.value =  0.0077718 

