ANO =  1991 
W =  0.9768233 
p.value =  0.001001195 

ANO =  2010 
W =  0.9846988 
p.value =  0.01661511 

ANO =  2000 
W =  0.9824659 
p.value =  0.007254265 

