ANO =  1991 
W =  0.9879817 
p.value =  0.05813912 

ANO =  2010 
W =  0.9905068 
p.value =  0.1526947 

ANO =  2000 
W =  0.9929304 
p.value =  0.3658015 

