ANO =  1991 
W =  0.9633206 
p.value =  1.648527e-05 

ANO =  2010 
W =  0.9279837 
p.value =  5.557922e-09 

ANO =  2000 
W =  0.9523215 
p.value =  9.744215e-07 

