ANO =  1991 
W =  0.9793252 
p.value =  0.002359559 

ANO =  2010 
W =  0.9906222 
p.value =  0.1594653 

ANO =  2000 
W =  0.9822425 
p.value =  0.006685852 

